1	1	2	200	170	120	200	0	2	0	1	Singlets
2	1	4	20	180	15	110	1	0	0	1	Leukocytes
3	19	4	0	120	0	120	2	0	0	1	Live Leukocytes
4	18	10	0	85	110	165	3	0	0	1	CD66-CD45+
5	18	10	88	200	85	140	3	0	0	1	CD66+CD45+
6	12	11	0	85	0	95	4	0	0	1	HLA-DR-CD14-
7	12	11	85	170	0	130	4	0	0	1	HLA-DR+CD14
8	15	17	0	90	0	103	7	0	0	1	CD3-gd-
9	16	7	130	200	0	200	8	0	0	1	pDC
10	16	7	0	129	40	110	8	0	0	1	CD123-CD11c-
11	16	7	0	129	111	190	8	0	0	1	CD123lowCD11chi
12	9	11	0	90	0	200	10	0	0	0	CD16-CD14
13	9	11	91	200	0	200	10	0	0	0	CD16+CD14
14	9	11	0	200	0	200	11	0	0	0	CD123lowCD11chi_backgated_CD16vsCD14
15	12	11	0	200	0	200	11	0	0	0	CD123lowCD11chi_backgated_HLADRvsCD14